$ANSIBLE_VAULT;1.1;AES256
64366332363332396432353063663938333337356635643337336361613735316634306634396232
6235616431643834616262343266666538396439393566300a336130313036656330633737316539
36343338633033623564666334316161636461343535613162653438393463616631336330396264
6230353731386536630a653432616632313733356262383536633235643564343662353364363034
65386231376161656534373334383033353739623637346463363830643233396637666430636339
33663830346563623665666665316636336163303264313235613137343965333039656464643836
30306163363333373533663866646432363063336634333466366364343762343535393032636138
32636462303139656164363133356638353866616365653133303532623239363466383439666239
63363833616432393966383864393964376564386136316634396536393362383030333633383566
35373863316637303632623266666336336431326430653264386261363236343830643761663339
66623833376335666634303333363938633961346564333438336635316363613765323134323862
36636139626431386266303331343562373230353261306233333335653733356139623937633137
63666136613130656263656535653966613936313065306465393961643464623730343339646166
64613737346163656436376461366436663532363139633434366265613566336434336331636139
35383462303830653732623764383233333134356535646565636535396261623535376337396535
33313039626364643133626265613639633138343836363664353862393232653262626136663663
36356265393739383066393034323732323135613566613138393265353164356663353563313232
32323034663134643965616336323132343435636166623162636432373964623336383661353934
61323938643065396664356539316631633165313531663966323061313834386265343039656433
61663137636237303434383038313134343361383265626162656261363361623735663065353764
37356138663766373032666265613361643731626461393237653730356164373030313739623034
33646666643839313230386530393537323733353736366130396361656265333462306461663833
64383639646635313632366133613464663163333365613133356165386433393437326432323364
64653038653632623362333334666338333365346336646632356330333861383862383531373535
64346635373934636537303164313062613364336533303736333337363433613462633966386361
38613230623735336239323538383234623863666562623939636661316234323830396664353361
63643865346235306136663033646338373838306232613633663064373263393961616631373231
30663764336535623933316238356237653463306533636166373466376634336366663431613761
38313332633161386539333834376665613933646138316531313230656633376563643961363639
30373764356363313465356235343364643863353563323265633464623539386661346364303638
65653232356232646437316133663364343666313965343036623966356265366362613039396461
38643432613538633835613564363966343239376635386435316130643261653264623134396262
35346434386430356261363030303532636365633963333062653431663238313837306239393763
36326231383332663437383133383466313461383339353334333230623933303039666138626537
65643461343364623236633936366533333566363036356664326262616537653531303263633937
66333564386533613766363565346336346339393966653530666533663162303937303739643831
30313934303564336236623837336462643836343333343264343032336663616262623635313662
38356335353736316662613064356631333933393931623538373136326531373631393931613262
33663636643635306163326530356666356564313238656466376139313565313234633131643331
63333064333162343361333537653765313237396335623766306363656333356161323336343464
61396164353930346234326636633663383962336638653138306232323837316339343236333434
39373062646463313830396561666237353262653335306463633231623861623363366561316533
36393232663434626136316562383536373239616437323365616662656566623761306539353163
39343236656462623533643533626338326463343238643766356461616538663334383162646664
61346139333532396537353430366665393930613035383438626534323933333938666266643530
33383261356139636661356665313135616664653138363437396439326565623064313039303530
62643663316666646665336438376132643535316138636633323364633139626361366364633462
34643933303539666231343162613036343638366161613465623133323534313062636566363863
35323238626538626435626231303536653662653432333238643031666361653862313564666330
65613735313039336664653562663533313831313562346538336166663032386135343537613464
65336232663661333264653832663234343031346132323932396437323030613039376539323037
34626334313533353464636637343930656434333564383666666433653036323739383039386338
38626463663931303334626162323533396536363734616461613764343866643435633935306233
38343239353064326562396664356133396666613662333533663764313633376665343365353061
31353366313639633665353934383735333761656236353739323332613032353466336262363833
33656566376165643564633662376532313338663565613537376531343731353131393937643062
64316235356634343263613161353931386537363937633932383433613065333361336530656434
62303034303362383764363830396633626662316138363564643132653236353139616630623261
34623763663363623539333739383563363531336261336333313034323739323037333261356332
61333963396133643930393836653165666531393566613534313530386366656665643635636131
61373630623037326563373965666165333333633662623766353962653135666263383430633262
62643263336233643963633332346331643261636235333534306637313332373265653830343030
36333035633164666231623139346339623464303030336438376633356334336164653931633564
37363863353066656533636338346639313633393232386661336361376138303339633931333838
63316164653566633937343337636162613538356232316637623630343133666530616139346636
64636362663337346238333330633933636661643134386233333665393834633435323132366135
62623964656564613433393962313466356330303634633761343765323465343738333964366535
35326635343537343037663562383566643030313037373638633463386263383537373736303165
32323961333632613131393437636637383633343164383339626237646638613231346537386436
38333131303132393736643637306637303838306261636566346337356661393732653862656664
32313235623163363334306461346239333231623938313261613766326166373864633863633739
37663032666534306439393532353564623731666438623461636331663430333937383135623437
32633766666239303336633839613263666263373639653664383565386562623766373063323339
38613733636538376131303139616134383466343662343131656437333864613764646238333031
61623866346466663532326366616432373664623364303632666161656432653062653864333935
37383432633062656233366432353335623563363333643161633261353661616233323631366563
35626262376663323365363431636466323761306230343261653831326262643063646233323435
30336162313037646239393039626266663539393664376431303539666234303837326434666238
62373234353261646463343263363238303665363030333361326533386661623664613739613330
33653064313839643131376332333337636135636461616538336263663863666234393264376532
61383731333666393535613263343539653066646363376130333432663465656135346231366130
34633065643337363439316661346633383034653937336130393962326631353231333561376231
65626339373966633463663862636364383337346264343033346632363731383838616639326662
36316261313436666634613263636636643763353637316336383632356361383766333830366462
36376238343935323037663530626435636438303363346533326530643862663136323461623465
39313965316538626266633738613132646635646436656537343061383461366232383563303630
63353665376131323934313637346235383239653733303566636332313962313337356333373035
62316332363934303438653762633265626263316530393263643537366636323637623166393133
38613662336564356366393165303637386137303761343431383638656634313830396138623335
64653334656434383936653365396334633565373333323265343366326433613161303532356434
37396630323932333130616665616261386335653537376462323536616633386161356232363839
32383261643464623337666432336266626538626465663736623561616535343439343963623538
32396332633036323439303261653938363731303934366530343863626561366138303430333966
32643561633236623033306561313330376633373565636630636534633861353030396235313436
63636332366231326166663239643666663739353864313832396234333239316666396131363866
65313337366134663834666130343431633534623736316366663531616637303561333235613134
65643031666462353764666235396434363239363966656461303539363364346139373162643066
39343539396134623331393463396435663763353134373335626565653634663361656235396432
35653332663130663831653637623462313361626238366565346130656236313362623537646366
39656162383663323033353162353937316139386331343564363535373434666635363134663331
39646363356464393531623031346162373832616431393039316461356637386338303836353531
37633634653964653765376264396437643761633639303765303966643632386136313838653833
37653430666134626631373438643664336165343263616139656132383463613262366531303639
38646239653864623830666565363239363066633066666336393065373962613066366362306661
35666633333261623939316135373066356231303436373239633533663530383235666433656132
30373035396432633965663866366464663334353839383830326138633264656333396630656562
36393837613132383034353863323230663661346336353035616263663761616563353863313665
65633830303034356533656135306431636233386361613334656231646361376631353863363136
62613063643939613435323363646364303561356266656336383831393039333936666635323337
38653237626261653532363432313834373464326331346235373965653937316639663533393837
34393438376330313564383835306563353437393136383230313236323837393235663434356664
31306530323235373137373764363839353735303239323039623836326539363333646462623839
37313937653436393761663833363661303961393262363762326661653831623639656437326133
32366237623431613561383361333830326538313238613734366666343531383034346161663335
34323363363165323034633832353136643463333830643666343930633966333535633536633166
36336562366236623730383764613661366665336564663133313531346564376433633730303035
30353838633966303166663765643630303964363061656466323738326261383463313961383563
37613363366130373236366633353064633034643434363566633862373230656235306238373364
31373932373465396130623030383731393930393463333735623336313836393232303734313231
30663330356333666532313231343861626464383533366165303034323365643634353731393332
65643764363035373631393962663661633333323637666463376435373232363437393233386632
38303732333232616262353261386433323263663539303137383865373065333237346337303465
64306162626638373933376234313331623565646665333864623037646533386466613764653439
36646432636230323266643235663439633235306532383439646265316562343934323539346438
38303565313561306638313361373133316634663862643762356536663766336338646237366666
39343435623631346634363865336562646665663932343766333364633930353164346436303933
38626362336564363762386366316462613666366264636531376166316537313862386539663937
66623234633262343362663030313133313833656137343939356438383632343466303635333631
32383364383136666461313930616231333231316538366638313538313735353232333637323036
62346361623136633939636161356134386638353062306235623134393338333135353863643065
34306339336232613766303431353634376336383263623063363632646339626533363839336664
32623961656630663262343839333639363665643335643334336136343833363532646339633837
33363363303439333263613230376436336630353239306664393634343935646261626366636636
32396332613166616533316161626662353464656338333734323734316338653733663535633131
33653938356631393430616632353736316135343562363939366535353638383434653962653762
35333266326132653462363064623936313564333832643061373364353630663433656139623163
63366336313532323666316239373538346566616236613362376235393535383763303665353435
33336636313762666435656435343364306339633437336361363630336434363136303937353439
62346666636166663436623734343633393533646265356366366132346463343738353133646661
35323530383236663164373561386362373963646265363737333733383862393335393966333861
34366236386233626365336532366635653565333539333434343532363561633261343038353334
63653538613630336663636462373233373633663639363133623238623832343032303638653861
64653166643736373238383034376361316165383831313531316564313562353436313562666163
34313265336363383631316431363636613937666530303338326238653631336335626631663763
39346239663738303933666433646138313333393262336336393163353038636565626565316432
64316365323764323438356162376230313936346561313831633033623330383735383138353961
64623336393734653466326637376665616636623363323132393035656263646534646633633662
65626338333239366666373833613062306562313364353464313566623631313464643435316233
62313363316331376362396337623533623435633535346139336539633933306561353865643563
39356132343766613936646338373764363435346264643263303239313331653362376562303230
64393633623362346166316638323934393437656134643338303936316439393337346663313436
33633231663563633065366466376662343864346334343038306636636562653963396633343033
38613665363761623634333339303961643335633165636436333734303664623836323166666339
32626237346166646238643535633165663662373636613430313434343838363634313039656166
38646566643730613233316338383865393339633964653734656561346539316262353638346562
35343232353863333031336530323130346535373738306136323337376562376135626339383438
31623331353333383961393064666365353539616362633531616130386339653333343434333830
61646665326465353137353730323834373436666136656438323165373334623534336563353966
38363734396631646238656339636665343262353832313565353133383838663133353737633532
62646434303734633262653066646433353861386535326334613866343432343836363635306232
36313165666531623562656333306136643262336335363563333130346230616131613630346663
39336563303261623036343338656561616164353138356631326537646137303735306364633263
31393137383739663234393763396538363134306363636662313566656435356564636238303939
39646336383962303833613437376164346332346335333937666338336433663136313936386134
61636162663062306266373032616366333336346665326565393733643863376233343536643037
32653833613432383930316337316539356237663033613662363231613130373230373362623035
31383265653564346462346666353031613434666664616532383532376335353963656162343437
39383435396338303266376438396437306566386666643635623265626238376561623866366233
62393866626566363565346161616632323631336635396233633933623666386230306331343765
61383631626431636535666366653238373436373962333630343033326264656130373661303566
37346162316436333135616365333737643930363730363336313163393936393666363538353633
63636663626230383737653039373365373265613066623539623034366363306562613763613731
39346138303466366534343232373936393431343139386564313061363961616166383737613936
66373337336138353830613662643135653961343838623865373739393332386364363935373235
30613637393333666538356337303632393937663738343037393764623634356462306637396130
34616265346335333739396639323237633330353830336433393035333833633762636531313134
6566
